Grading at 09/09/2017:21:37:24.639960
For commit ID 516f990d0ba44259c2d8ad1891ec62da351c4a77
Attempting to compile retirement.c
Checking for struct _retire_info
Found on line 4, column 1 
Checking for field int months
Found on line 5, column 2 
Checking for field double contribution
Found on line 6, column 2 
Checking for field double rate_of_return
Found on line 7, column 2 
Checking for typedef of struct _retire_info to retire_info
Found on line 10, column 1 
Checking for void retirement (int startAge, double initial,  retire_info working,  retire_info retired)
Found on line 30, column 1 
Checking for int main(void)
Found on line 38, column 1 
Trying to run retirement calculator..
Your file matched the expected output
Removing your main() and replacing it with our own to run more tests...
                |         Working              |        Retired         
 Age | Initial  | Saving  |   Rate    | Months | Spending |   Rate    | Months | Result
 240 |     0.00 | 1234.00 | 0.0026700 |   597  | -3567.00 | 0.0003900 |   208  | Correct
 240 |     0.00 | 1234.00 | 0.0026700 |   597  | -3567.00 | 0.0003900 |   375  | Correct
 240 |     0.00 | 1234.00 | 0.0026700 |   597  | -3567.00 | 0.0041200 |   209  | Correct
 240 |     0.00 | 1234.00 | 0.0026700 |   597  | -3567.00 | 0.0041200 |   387  | Correct
 240 |     0.00 | 1234.00 | 0.0026700 |   597  | -6534.00 | 0.0006700 |   230  | Correct
 240 |     0.00 | 1234.00 | 0.0026700 |   597  | -6534.00 | 0.0006700 |   381  | Correct
 240 |     0.00 | 1234.00 | 0.0026700 |   597  | -6534.00 | 0.0046600 |   224  | Correct
 240 |     0.00 | 1234.00 | 0.0026700 |   597  | -6534.00 | 0.0046600 |   408  | Correct
 240 |     0.00 | 1234.00 | 0.0026700 |   587  | -3567.00 | 0.0005200 |   230  | Correct
 240 |     0.00 | 1234.00 | 0.0026700 |   587  | -3567.00 | 0.0005200 |   399  | Correct
 240 |     0.00 | 1234.00 | 0.0026700 |   587  | -3567.00 | 0.0046300 |   232  | Correct
 240 |     0.00 | 1234.00 | 0.0026700 |   587  | -3567.00 | 0.0046300 |   382  | Correct
 240 |     0.00 | 1234.00 | 0.0026700 |   587  | -6534.00 | 0.0007900 |   228  | Correct
 240 |     0.00 | 1234.00 | 0.0026700 |   587  | -6534.00 | 0.0007900 |   382  | Correct
 240 |     0.00 | 1234.00 | 0.0026700 |   587  | -6534.00 | 0.0041400 |   217  | Correct
 240 |     0.00 | 1234.00 | 0.0026700 |   587  | -6534.00 | 0.0041400 |   377  | Correct
 240 |     0.00 | 1234.00 | 0.0056700 |   597  | -3567.00 | 0.0004200 |   217  | Correct
 240 |     0.00 | 1234.00 | 0.0056700 |   597  | -3567.00 | 0.0004200 |   378  | Correct
 240 |     0.00 | 1234.00 | 0.0056700 |   597  | -3567.00 | 0.0046300 |   217  | Correct
 240 |     0.00 | 1234.00 | 0.0056700 |   597  | -3567.00 | 0.0046300 |   389  | Correct
 240 |     0.00 | 1234.00 | 0.0056700 |   597  | -6534.00 | 0.0000900 |   213  | Correct
 240 |     0.00 | 1234.00 | 0.0056700 |   597  | -6534.00 | 0.0000900 |   402  | Correct
 240 |     0.00 | 1234.00 | 0.0056700 |   597  | -6534.00 | 0.0043400 |   211  | Correct
 240 |     0.00 | 1234.00 | 0.0056700 |   597  | -6534.00 | 0.0043400 |   397  | Correct
 240 |     0.00 | 1234.00 | 0.0056700 |   602  | -3567.00 | 0.0002500 |   225  | Correct
 240 |     0.00 | 1234.00 | 0.0056700 |   602  | -3567.00 | 0.0002500 |   407  | Correct
 240 |     0.00 | 1234.00 | 0.0056700 |   602  | -3567.00 | 0.0040100 |   222  | Correct
 240 |     0.00 | 1234.00 | 0.0056700 |   602  | -3567.00 | 0.0040100 |   370  | Correct
 240 |     0.00 | 1234.00 | 0.0056700 |   602  | -6534.00 | 0.0004200 |   231  | Correct
 240 |     0.00 | 1234.00 | 0.0056700 |   602  | -6534.00 | 0.0004200 |   378  | Correct
 240 |     0.00 | 1234.00 | 0.0056700 |   602  | -6534.00 | 0.0044200 |   226  | Correct
 240 |     0.00 | 1234.00 | 0.0056700 |   602  | -6534.00 | 0.0044200 |   384  | Correct
 240 |     0.00 | 3831.00 | 0.0026700 |   597  | -3567.00 | 0.0005600 |   226  | Correct
 240 |     0.00 | 3831.00 | 0.0026700 |   597  | -3567.00 | 0.0005600 |   383  | Correct
 240 |     0.00 | 3831.00 | 0.0026700 |   597  | -3567.00 | 0.0041800 |   217  | Correct
 240 |     0.00 | 3831.00 | 0.0026700 |   597  | -3567.00 | 0.0041800 |   398  | Correct
 240 |     0.00 | 3831.00 | 0.0026700 |   597  | -6534.00 | 0.0004400 |   232  | Correct
 240 |     0.00 | 3831.00 | 0.0026700 |   597  | -6534.00 | 0.0004400 |   382  | Correct
 240 |     0.00 | 3831.00 | 0.0026700 |   597  | -6534.00 | 0.0047500 |   232  | Correct
 240 |     0.00 | 3831.00 | 0.0026700 |   597  | -6534.00 | 0.0047500 |   379  | Correct
 240 |     0.00 | 3831.00 | 0.0026700 |   598  | -3567.00 | 0.0004200 |   227  | Correct
 240 |     0.00 | 3831.00 | 0.0026700 |   598  | -3567.00 | 0.0004200 |   388  | Correct
 240 |     0.00 | 3831.00 | 0.0026700 |   598  | -3567.00 | 0.0046400 |   210  | Correct
 240 |     0.00 | 3831.00 | 0.0026700 |   598  | -3567.00 | 0.0046400 |   399  | Correct
 240 |     0.00 | 3831.00 | 0.0026700 |   598  | -6534.00 | 0.0003700 |   223  | Correct
 240 |     0.00 | 3831.00 | 0.0026700 |   598  | -6534.00 | 0.0003700 |   407  | Correct
 240 |     0.00 | 3831.00 | 0.0026700 |   598  | -6534.00 | 0.0046400 |   227  | Correct
 240 |     0.00 | 3831.00 | 0.0026700 |   598  | -6534.00 | 0.0046400 |   380  | Correct
 240 |     0.00 | 3831.00 | 0.0056700 |   597  | -3567.00 | 0.0003500 |   231  | Correct
 240 |     0.00 | 3831.00 | 0.0056700 |   597  | -3567.00 | 0.0003500 |   392  | Correct
 240 |     0.00 | 3831.00 | 0.0056700 |   597  | -3567.00 | 0.0042900 |   226  | Correct
 240 |     0.00 | 3831.00 | 0.0056700 |   597  | -3567.00 | 0.0042900 |   383  | Correct
 240 |     0.00 | 3831.00 | 0.0056700 |   597  | -6534.00 | 0.0000500 |   216  | Correct
 240 |     0.00 | 3831.00 | 0.0056700 |   597  | -6534.00 | 0.0000500 |   397  | Correct
 240 |     0.00 | 3831.00 | 0.0056700 |   597  | -6534.00 | 0.0043600 |   222  | Correct
 240 |     0.00 | 3831.00 | 0.0056700 |   597  | -6534.00 | 0.0043600 |   384  | Correct
 240 |     0.00 | 3831.00 | 0.0056700 |   597  | -3567.00 | 0.0001400 |   231  | Correct
 240 |     0.00 | 3831.00 | 0.0056700 |   597  | -3567.00 | 0.0001400 |   387  | Correct
 240 |     0.00 | 3831.00 | 0.0056700 |   597  | -3567.00 | 0.0046100 |   224  | Correct
 240 |     0.00 | 3831.00 | 0.0056700 |   597  | -3567.00 | 0.0046100 |   401  | Correct
 240 |     0.00 | 3831.00 | 0.0056700 |   597  | -6534.00 | 0.0003300 |   222  | Correct
 240 |     0.00 | 3831.00 | 0.0056700 |   597  | -6534.00 | 0.0003300 |   394  | Correct
 240 |     0.00 | 3831.00 | 0.0056700 |   597  | -6534.00 | 0.0046800 |   230  | Correct
 240 |     0.00 | 3831.00 | 0.0056700 |   597  | -6534.00 | 0.0046800 |   371  | Correct
 240 | 15064.01 | 1234.00 | 0.0026700 |   597  | -3567.00 | 0.0007200 |   215  | Correct
 240 | 15064.01 | 1234.00 | 0.0026700 |   597  | -3567.00 | 0.0007200 |   379  | Correct
 240 | 15064.01 | 1234.00 | 0.0026700 |   597  | -3567.00 | 0.0045200 |   229  | Correct
 240 | 15064.01 | 1234.00 | 0.0026700 |   597  | -3567.00 | 0.0045200 |   375  | Correct
 240 | 15064.01 | 1234.00 | 0.0026700 |   597  | -6534.00 | 0.0006100 |   218  | Correct
 240 | 15064.01 | 1234.00 | 0.0026700 |   597  | -6534.00 | 0.0006100 |   394  | Correct
 240 | 15064.01 | 1234.00 | 0.0026700 |   597  | -6534.00 | 0.0045800 |   214  | Correct
 240 | 15064.01 | 1234.00 | 0.0026700 |   597  | -6534.00 | 0.0045800 |   399  | Correct
 240 | 15064.01 | 1234.00 | 0.0026700 |   610  | -3567.00 | 0.0005000 |   222  | Correct
 240 | 15064.01 | 1234.00 | 0.0026700 |   610  | -3567.00 | 0.0005000 |   393  | Correct
 240 | 15064.01 | 1234.00 | 0.0026700 |   610  | -3567.00 | 0.0041300 |   227  | Correct
 240 | 15064.01 | 1234.00 | 0.0026700 |   610  | -3567.00 | 0.0041300 |   374  | Correct
 240 | 15064.01 | 1234.00 | 0.0026700 |   610  | -6534.00 | 0.0009300 |   217  | Correct
 240 | 15064.01 | 1234.00 | 0.0026700 |   610  | -6534.00 | 0.0009300 |   370  | Correct
 240 | 15064.01 | 1234.00 | 0.0026700 |   610  | -6534.00 | 0.0045800 |   221  | Correct
 240 | 15064.01 | 1234.00 | 0.0026700 |   610  | -6534.00 | 0.0045800 |   375  | Correct
 240 | 15064.01 | 1234.00 | 0.0056700 |   597  | -3567.00 | 0.0007600 |   212  | Correct
 240 | 15064.01 | 1234.00 | 0.0056700 |   597  | -3567.00 | 0.0007600 |   406  | Correct
 240 | 15064.01 | 1234.00 | 0.0056700 |   597  | -3567.00 | 0.0045400 |   204  | Correct
 240 | 15064.01 | 1234.00 | 0.0056700 |   597  | -3567.00 | 0.0045400 |   373  | Correct
 240 | 15064.01 | 1234.00 | 0.0056700 |   597  | -6534.00 | 0.0009600 |   232  | Correct
 240 | 15064.01 | 1234.00 | 0.0056700 |   597  | -6534.00 | 0.0009600 |   381  | Correct
 240 | 15064.01 | 1234.00 | 0.0056700 |   597  | -6534.00 | 0.0045400 |   224  | Correct
 240 | 15064.01 | 1234.00 | 0.0056700 |   597  | -6534.00 | 0.0045400 |   393  | Correct
 240 | 15064.01 | 1234.00 | 0.0056700 |   614  | -3567.00 | 0.0004700 |   210  | Correct
 240 | 15064.01 | 1234.00 | 0.0056700 |   614  | -3567.00 | 0.0004700 |   371  | Correct
 240 | 15064.01 | 1234.00 | 0.0056700 |   614  | -3567.00 | 0.0042200 |   217  | Correct
 240 | 15064.01 | 1234.00 | 0.0056700 |   614  | -3567.00 | 0.0042200 |   373  | Correct
 240 | 15064.01 | 1234.00 | 0.0056700 |   614  | -6534.00 | 0.0009800 |   228  | Correct
 240 | 15064.01 | 1234.00 | 0.0056700 |   614  | -6534.00 | 0.0009800 |   372  | Correct
 240 | 15064.01 | 1234.00 | 0.0056700 |   614  | -6534.00 | 0.0049400 |   206  | Correct
 240 | 15064.01 | 1234.00 | 0.0056700 |   614  | -6534.00 | 0.0049400 |   384  | Correct
 240 | 15064.01 | 2954.00 | 0.0026700 |   597  | -3567.00 | 0.0004500 |   204  | Correct
 240 | 15064.01 | 2954.00 | 0.0026700 |   597  | -3567.00 | 0.0004500 |   399  | Correct
 240 | 15064.01 | 2954.00 | 0.0026700 |   597  | -3567.00 | 0.0044400 |   227  | Correct
 240 | 15064.01 | 2954.00 | 0.0026700 |   597  | -3567.00 | 0.0044400 |   397  | Correct
 240 | 15064.01 | 2954.00 | 0.0026700 |   597  | -6534.00 | 0.0001300 |   217  | Correct
 240 | 15064.01 | 2954.00 | 0.0026700 |   597  | -6534.00 | 0.0001300 |   376  | Correct
 240 | 15064.01 | 2954.00 | 0.0026700 |   597  | -6534.00 | 0.0044800 |   204  | Correct
 240 | 15064.01 | 2954.00 | 0.0026700 |   597  | -6534.00 | 0.0044800 |   400  | Correct
 240 | 15064.01 | 2954.00 | 0.0026700 |   586  | -3567.00 | 0.0006900 |   231  | Correct
 240 | 15064.01 | 2954.00 | 0.0026700 |   586  | -3567.00 | 0.0006900 |   405  | Correct
 240 | 15064.01 | 2954.00 | 0.0026700 |   586  | -3567.00 | 0.0040900 |   223  | Correct
 240 | 15064.01 | 2954.00 | 0.0026700 |   586  | -3567.00 | 0.0040900 |   377  | Correct
 240 | 15064.01 | 2954.00 | 0.0026700 |   586  | -6534.00 | 0.0007200 |   216  | Correct
 240 | 15064.01 | 2954.00 | 0.0026700 |   586  | -6534.00 | 0.0007200 |   386  | Correct
 240 | 15064.01 | 2954.00 | 0.0026700 |   586  | -6534.00 | 0.0046700 |   227  | Correct
 240 | 15064.01 | 2954.00 | 0.0026700 |   586  | -6534.00 | 0.0046700 |   392  | Correct
 240 | 15064.01 | 2954.00 | 0.0056700 |   597  | -3567.00 | 0.0001300 |   227  | Correct
 240 | 15064.01 | 2954.00 | 0.0056700 |   597  | -3567.00 | 0.0001300 |   388  | Correct
 240 | 15064.01 | 2954.00 | 0.0056700 |   597  | -3567.00 | 0.0042000 |   219  | Correct
 240 | 15064.01 | 2954.00 | 0.0056700 |   597  | -3567.00 | 0.0042000 |   383  | Correct
 240 | 15064.01 | 2954.00 | 0.0056700 |   597  | -6534.00 | 0.0001300 |   216  | Correct
 240 | 15064.01 | 2954.00 | 0.0056700 |   597  | -6534.00 | 0.0001300 |   395  | Correct
 240 | 15064.01 | 2954.00 | 0.0056700 |   597  | -6534.00 | 0.0042600 |   207  | Correct
 240 | 15064.01 | 2954.00 | 0.0056700 |   597  | -6534.00 | 0.0042600 |   378  | Correct
 240 | 15064.01 | 2954.00 | 0.0056700 |   591  | -3567.00 | 0.0000000 |   216  | Correct
 240 | 15064.01 | 2954.00 | 0.0056700 |   591  | -3567.00 | 0.0000000 |   382  | Correct
 240 | 15064.01 | 2954.00 | 0.0056700 |   591  | -3567.00 | 0.0048800 |   222  | Correct
 240 | 15064.01 | 2954.00 | 0.0056700 |   591  | -3567.00 | 0.0048800 |   395  | Correct
 240 | 15064.01 | 2954.00 | 0.0056700 |   591  | -6534.00 | 0.0005400 |   212  | Correct
 240 | 15064.01 | 2954.00 | 0.0056700 |   591  | -6534.00 | 0.0005400 |   404  | Correct
 240 | 15064.01 | 2954.00 | 0.0056700 |   591  | -6534.00 | 0.0042300 |   220  | Correct
 240 | 15064.01 | 2954.00 | 0.0056700 |   591  | -6534.00 | 0.0042300 |   376  | Correct
 345 |     0.00 | 1234.00 | 0.0026700 |   597  | -3567.00 | 0.0000700 |   219  | Correct
 345 |     0.00 | 1234.00 | 0.0026700 |   597  | -3567.00 | 0.0000700 |   398  | Correct
 345 |     0.00 | 1234.00 | 0.0026700 |   597  | -3567.00 | 0.0046800 |   212  | Correct
 345 |     0.00 | 1234.00 | 0.0026700 |   597  | -3567.00 | 0.0046800 |   370  | Correct
 345 |     0.00 | 1234.00 | 0.0026700 |   597  | -6534.00 | 0.0002700 |   208  | Correct
 345 |     0.00 | 1234.00 | 0.0026700 |   597  | -6534.00 | 0.0002700 |   397  | Correct
 345 |     0.00 | 1234.00 | 0.0026700 |   597  | -6534.00 | 0.0048100 |   205  | Correct
 345 |     0.00 | 1234.00 | 0.0026700 |   597  | -6534.00 | 0.0048100 |   387  | Correct
 345 |     0.00 | 1234.00 | 0.0026700 |   594  | -3567.00 | 0.0002800 |   217  | Correct
 345 |     0.00 | 1234.00 | 0.0026700 |   594  | -3567.00 | 0.0002800 |   404  | Correct
 345 |     0.00 | 1234.00 | 0.0026700 |   594  | -3567.00 | 0.0042000 |   211  | Correct
 345 |     0.00 | 1234.00 | 0.0026700 |   594  | -3567.00 | 0.0042000 |   370  | Correct
 345 |     0.00 | 1234.00 | 0.0026700 |   594  | -6534.00 | 0.0002700 |   226  | Correct
 345 |     0.00 | 1234.00 | 0.0026700 |   594  | -6534.00 | 0.0002700 |   396  | Correct
 345 |     0.00 | 1234.00 | 0.0026700 |   594  | -6534.00 | 0.0049600 |   231  | Correct
 345 |     0.00 | 1234.00 | 0.0026700 |   594  | -6534.00 | 0.0049600 |   381  | Correct
 345 |     0.00 | 1234.00 | 0.0056700 |   597  | -3567.00 | 0.0005400 |   216  | Correct
 345 |     0.00 | 1234.00 | 0.0056700 |   597  | -3567.00 | 0.0005400 |   371  | Correct
 345 |     0.00 | 1234.00 | 0.0056700 |   597  | -3567.00 | 0.0047700 |   230  | Correct
 345 |     0.00 | 1234.00 | 0.0056700 |   597  | -3567.00 | 0.0047700 |   385  | Correct
 345 |     0.00 | 1234.00 | 0.0056700 |   597  | -6534.00 | 0.0007700 |   227  | Correct
 345 |     0.00 | 1234.00 | 0.0056700 |   597  | -6534.00 | 0.0007700 |   373  | Correct
 345 |     0.00 | 1234.00 | 0.0056700 |   597  | -6534.00 | 0.0046000 |   221  | Correct
 345 |     0.00 | 1234.00 | 0.0056700 |   597  | -6534.00 | 0.0046000 |   380  | Correct
 345 |     0.00 | 1234.00 | 0.0056700 |   589  | -3567.00 | 0.0004700 |   207  | Correct
 345 |     0.00 | 1234.00 | 0.0056700 |   589  | -3567.00 | 0.0004700 |   401  | Correct
 345 |     0.00 | 1234.00 | 0.0056700 |   589  | -3567.00 | 0.0041100 |   216  | Correct
 345 |     0.00 | 1234.00 | 0.0056700 |   589  | -3567.00 | 0.0041100 |   407  | Correct
 345 |     0.00 | 1234.00 | 0.0056700 |   589  | -6534.00 | 0.0007400 |   225  | Correct
 345 |     0.00 | 1234.00 | 0.0056700 |   589  | -6534.00 | 0.0007400 |   381  | Correct
 345 |     0.00 | 1234.00 | 0.0056700 |   589  | -6534.00 | 0.0040500 |   211  | Correct
 345 |     0.00 | 1234.00 | 0.0056700 |   589  | -6534.00 | 0.0040500 |   380  | Correct
 345 |     0.00 | 2578.00 | 0.0026700 |   597  | -3567.00 | 0.0008600 |   226  | Correct
 345 |     0.00 | 2578.00 | 0.0026700 |   597  | -3567.00 | 0.0008600 |   392  | Correct
 345 |     0.00 | 2578.00 | 0.0026700 |   597  | -3567.00 | 0.0043400 |   229  | Correct
 345 |     0.00 | 2578.00 | 0.0026700 |   597  | -3567.00 | 0.0043400 |   404  | Correct
 345 |     0.00 | 2578.00 | 0.0026700 |   597  | -6534.00 | 0.0000900 |   229  | Correct
 345 |     0.00 | 2578.00 | 0.0026700 |   597  | -6534.00 | 0.0000900 |   392  | Correct
 345 |     0.00 | 2578.00 | 0.0026700 |   597  | -6534.00 | 0.0042300 |   219  | Correct
 345 |     0.00 | 2578.00 | 0.0026700 |   597  | -6534.00 | 0.0042300 |   399  | Correct
 345 |     0.00 | 2578.00 | 0.0026700 |   601  | -3567.00 | 0.0009200 |   210  | Correct
 345 |     0.00 | 2578.00 | 0.0026700 |   601  | -3567.00 | 0.0009200 |   393  | Correct
 345 |     0.00 | 2578.00 | 0.0026700 |   601  | -3567.00 | 0.0042500 |   228  | Correct
 345 |     0.00 | 2578.00 | 0.0026700 |   601  | -3567.00 | 0.0042500 |   399  | Correct
 345 |     0.00 | 2578.00 | 0.0026700 |   601  | -6534.00 | 0.0004200 |   210  | Correct
 345 |     0.00 | 2578.00 | 0.0026700 |   601  | -6534.00 | 0.0004200 |   399  | Correct
 345 |     0.00 | 2578.00 | 0.0026700 |   601  | -6534.00 | 0.0044600 |   221  | Correct
 345 |     0.00 | 2578.00 | 0.0026700 |   601  | -6534.00 | 0.0044600 |   380  | Correct
 345 |     0.00 | 2578.00 | 0.0056700 |   597  | -3567.00 | 0.0002800 |   220  | Correct
 345 |     0.00 | 2578.00 | 0.0056700 |   597  | -3567.00 | 0.0002800 |   381  | Correct
 345 |     0.00 | 2578.00 | 0.0056700 |   597  | -3567.00 | 0.0045300 |   215  | Correct
 345 |     0.00 | 2578.00 | 0.0056700 |   597  | -3567.00 | 0.0045300 |   396  | Correct
 345 |     0.00 | 2578.00 | 0.0056700 |   597  | -6534.00 | 0.0004800 |   222  | Correct
 345 |     0.00 | 2578.00 | 0.0056700 |   597  | -6534.00 | 0.0004800 |   409  | Correct
 345 |     0.00 | 2578.00 | 0.0056700 |   597  | -6534.00 | 0.0045500 |   214  | Correct
 345 |     0.00 | 2578.00 | 0.0056700 |   597  | -6534.00 | 0.0045500 |   392  | Correct
 345 |     0.00 | 2578.00 | 0.0056700 |   590  | -3567.00 | 0.0000800 |   217  | Correct
 345 |     0.00 | 2578.00 | 0.0056700 |   590  | -3567.00 | 0.0000800 |   379  | Correct
 345 |     0.00 | 2578.00 | 0.0056700 |   590  | -3567.00 | 0.0046800 |   212  | Correct
 345 |     0.00 | 2578.00 | 0.0056700 |   590  | -3567.00 | 0.0046800 |   391  | Correct
 345 |     0.00 | 2578.00 | 0.0056700 |   590  | -6534.00 | 0.0004900 |   208  | Correct
 345 |     0.00 | 2578.00 | 0.0056700 |   590  | -6534.00 | 0.0004900 |   409  | Correct
 345 |     0.00 | 2578.00 | 0.0056700 |   590  | -6534.00 | 0.0046100 |   220  | Correct
 345 |     0.00 | 2578.00 | 0.0056700 |   590  | -6534.00 | 0.0046100 |   380  | Correct
 345 | 10133.17 | 1234.00 | 0.0026700 |   597  | -3567.00 | 0.0000900 |   230  | Correct
 345 | 10133.17 | 1234.00 | 0.0026700 |   597  | -3567.00 | 0.0000900 |   373  | Correct
 345 | 10133.17 | 1234.00 | 0.0026700 |   597  | -3567.00 | 0.0045500 |   216  | Correct
 345 | 10133.17 | 1234.00 | 0.0026700 |   597  | -3567.00 | 0.0045500 |   380  | Correct
 345 | 10133.17 | 1234.00 | 0.0026700 |   597  | -6534.00 | 0.0000400 |   223  | Correct
 345 | 10133.17 | 1234.00 | 0.0026700 |   597  | -6534.00 | 0.0000400 |   396  | Correct
 345 | 10133.17 | 1234.00 | 0.0026700 |   597  | -6534.00 | 0.0040800 |   229  | Correct
 345 | 10133.17 | 1234.00 | 0.0026700 |   597  | -6534.00 | 0.0040800 |   400  | Correct
 345 | 10133.17 | 1234.00 | 0.0026700 |   602  | -3567.00 | 0.0005900 |   211  | Correct
 345 | 10133.17 | 1234.00 | 0.0026700 |   602  | -3567.00 | 0.0005900 |   393  | Correct
 345 | 10133.17 | 1234.00 | 0.0026700 |   602  | -3567.00 | 0.0047600 |   212  | Correct
 345 | 10133.17 | 1234.00 | 0.0026700 |   602  | -3567.00 | 0.0047600 |   387  | Correct
 345 | 10133.17 | 1234.00 | 0.0026700 |   602  | -6534.00 | 0.0002200 |   232  | Correct
 345 | 10133.17 | 1234.00 | 0.0026700 |   602  | -6534.00 | 0.0002200 |   386  | Correct
 345 | 10133.17 | 1234.00 | 0.0026700 |   602  | -6534.00 | 0.0043600 |   221  | Correct
 345 | 10133.17 | 1234.00 | 0.0026700 |   602  | -6534.00 | 0.0043600 |   387  | Correct
 345 | 10133.17 | 1234.00 | 0.0056700 |   597  | -3567.00 | 0.0009000 |   226  | Correct
 345 | 10133.17 | 1234.00 | 0.0056700 |   597  | -3567.00 | 0.0009000 |   407  | Correct
 345 | 10133.17 | 1234.00 | 0.0056700 |   597  | -3567.00 | 0.0047900 |   215  | Correct
 345 | 10133.17 | 1234.00 | 0.0056700 |   597  | -3567.00 | 0.0047900 |   374  | Correct
 345 | 10133.17 | 1234.00 | 0.0056700 |   597  | -6534.00 | 0.0000600 |   220  | Correct
 345 | 10133.17 | 1234.00 | 0.0056700 |   597  | -6534.00 | 0.0000600 |   384  | Correct
 345 | 10133.17 | 1234.00 | 0.0056700 |   597  | -6534.00 | 0.0044500 |   218  | Correct
 345 | 10133.17 | 1234.00 | 0.0056700 |   597  | -6534.00 | 0.0044500 |   375  | Correct
 345 | 10133.17 | 1234.00 | 0.0056700 |   609  | -3567.00 | 0.0009700 |   228  | Correct
 345 | 10133.17 | 1234.00 | 0.0056700 |   609  | -3567.00 | 0.0009700 |   373  | Correct
 345 | 10133.17 | 1234.00 | 0.0056700 |   609  | -3567.00 | 0.0041400 |   220  | Correct
 345 | 10133.17 | 1234.00 | 0.0056700 |   609  | -3567.00 | 0.0041400 |   381  | Correct
 345 | 10133.17 | 1234.00 | 0.0056700 |   609  | -6534.00 | 0.0009300 |   224  | Correct
 345 | 10133.17 | 1234.00 | 0.0056700 |   609  | -6534.00 | 0.0009300 |   401  | Correct
 345 | 10133.17 | 1234.00 | 0.0056700 |   609  | -6534.00 | 0.0047400 |   219  | Correct
 345 | 10133.17 | 1234.00 | 0.0056700 |   609  | -6534.00 | 0.0047400 |   387  | Correct
 345 | 10133.17 | 3590.00 | 0.0026700 |   597  | -3567.00 | 0.0005900 |   206  | Correct
 345 | 10133.17 | 3590.00 | 0.0026700 |   597  | -3567.00 | 0.0005900 |   398  | Correct
 345 | 10133.17 | 3590.00 | 0.0026700 |   597  | -3567.00 | 0.0046400 |   223  | Correct
 345 | 10133.17 | 3590.00 | 0.0026700 |   597  | -3567.00 | 0.0046400 |   393  | Correct
 345 | 10133.17 | 3590.00 | 0.0026700 |   597  | -6534.00 | 0.0000700 |   214  | Correct
 345 | 10133.17 | 3590.00 | 0.0026700 |   597  | -6534.00 | 0.0000700 |   387  | Correct
 345 | 10133.17 | 3590.00 | 0.0026700 |   597  | -6534.00 | 0.0049400 |   227  | Correct
 345 | 10133.17 | 3590.00 | 0.0026700 |   597  | -6534.00 | 0.0049400 |   393  | Correct
 345 | 10133.17 | 3590.00 | 0.0026700 |   601  | -3567.00 | 0.0005900 |   216  | Correct
 345 | 10133.17 | 3590.00 | 0.0026700 |   601  | -3567.00 | 0.0005900 |   407  | Correct
 345 | 10133.17 | 3590.00 | 0.0026700 |   601  | -3567.00 | 0.0048100 |   210  | Correct
 345 | 10133.17 | 3590.00 | 0.0026700 |   601  | -3567.00 | 0.0048100 |   382  | Correct
 345 | 10133.17 | 3590.00 | 0.0026700 |   601  | -6534.00 | 0.0000000 |   214  | Correct
 345 | 10133.17 | 3590.00 | 0.0026700 |   601  | -6534.00 | 0.0000000 |   398  | Correct
 345 | 10133.17 | 3590.00 | 0.0026700 |   601  | -6534.00 | 0.0040200 |   224  | Correct
 345 | 10133.17 | 3590.00 | 0.0026700 |   601  | -6534.00 | 0.0040200 |   395  | Correct
 345 | 10133.17 | 3590.00 | 0.0056700 |   597  | -3567.00 | 0.0000400 |   205  | Correct
 345 | 10133.17 | 3590.00 | 0.0056700 |   597  | -3567.00 | 0.0000400 |   380  | Correct
 345 | 10133.17 | 3590.00 | 0.0056700 |   597  | -3567.00 | 0.0042900 |   216  | Correct
 345 | 10133.17 | 3590.00 | 0.0056700 |   597  | -3567.00 | 0.0042900 |   401  | Correct
 345 | 10133.17 | 3590.00 | 0.0056700 |   597  | -6534.00 | 0.0007500 |   233  | Correct
 345 | 10133.17 | 3590.00 | 0.0056700 |   597  | -6534.00 | 0.0007500 |   379  | Correct
 345 | 10133.17 | 3590.00 | 0.0056700 |   597  | -6534.00 | 0.0042400 |   221  | Correct
 345 | 10133.17 | 3590.00 | 0.0056700 |   597  | -6534.00 | 0.0042400 |   406  | Correct
 345 | 10133.17 | 3590.00 | 0.0056700 |   605  | -3567.00 | 0.0007500 |   205  | Correct
 345 | 10133.17 | 3590.00 | 0.0056700 |   605  | -3567.00 | 0.0007500 |   391  | Correct
 345 | 10133.17 | 3590.00 | 0.0056700 |   605  | -3567.00 | 0.0047600 |   210  | Correct
 345 | 10133.17 | 3590.00 | 0.0056700 |   605  | -3567.00 | 0.0047600 |   394  | Correct
 345 | 10133.17 | 3590.00 | 0.0056700 |   605  | -6534.00 | 0.0007000 |   229  | Correct
 345 | 10133.17 | 3590.00 | 0.0056700 |   605  | -6534.00 | 0.0007000 |   400  | Correct
 345 | 10133.17 | 3590.00 | 0.0056700 |   605  | -6534.00 | 0.0042500 |   228  | Correct
 345 | 10133.17 | 3590.00 | 0.0056700 |   605  | -6534.00 | 0.0042500 |   379  | Correct

Overall Grade: A
